from_stop_id,to_stop_id,transfer_type,min_transfer_time
1001,1002,1,
1002,1001,1,
1077,1779,3,
1077,1806,3,
1079,1131,0,
1079,1201,0,
1079,1202,0,
1079,1203,0,
1079,1204,0,
1079,1205,0,
1079,1206,0,
1079,1207,0,
1079,1208,0,
1079,1209,0,
1079,1742,0,
1079,1889,0,
1131,1079,0,
1131,1201,0,
1131,1202,0,
1131,1203,0,
1131,1204,0,
1131,1205,0,
1131,1206,0,
1131,1207,0,
1131,1208,0,
1131,1209,0,
1131,1742,0,
1131,1889,0,
1201,1079,0,
1201,1131,0,
1201,1202,1,
1201,1203,1,
1201,1204,1,
1201,1205,1,
1201,1206,1,
1201,1207,1,
1201,1208,1,
1201,1209,1,
1201,1742,0,
1201,1889,0,
1202,1079,0,
1202,1131,0,
1202,1201,1,
1202,1203,1,
1202,1204,1,
1202,1205,1,
1202,1206,1,
1202,1207,1,
1202,1208,1,
1202,1209,1,
1202,1742,0,
1202,1889,0,
1203,1079,0,
1203,1131,0,
1203,1201,1,
1203,1202,1,
1203,1204,1,
1203,1205,1,
1203,1206,1,
1203,1207,1,
1203,1208,1,
1203,1209,1,
1203,1742,0,
1203,1889,0,
1204,1079,0,
1204,1131,0,
1204,1201,1,
1204,1202,1,
1204,1203,1,
1204,1205,1,
1204,1206,1,
1204,1207,1,
1204,1208,1,
1204,1209,1,
1204,1742,0,
1204,1889,0,
1205,1079,0,
1205,1131,0,
1205,1201,1,
1205,1202,1,
1205,1203,1,
1205,1204,1,
1205,1206,1,
1205,1207,1,
1205,1208,1,
1205,1209,1,
1205,1742,0,
1205,1889,0,
1206,1079,0,
1206,1131,0,
1206,1201,1,
1206,1202,1,
1206,1203,1,
1206,1204,1,
1206,1205,1,
1206,1207,1,
1206,1208,1,
1206,1209,1,
1206,1742,0,
1206,1889,0,
1207,1079,0,
1207,1131,0,
1207,1201,1,
1207,1202,1,
1207,1203,1,
1207,1204,1,
1207,1205,1,
1207,1206,1,
1207,1208,1,
1207,1209,1,
1207,1742,0,
1207,1889,0,
1208,1079,0,
1208,1131,0,
1208,1201,1,
1208,1202,1,
1208,1203,1,
1208,1204,1,
1208,1205,1,
1208,1206,1,
1208,1207,1,
1208,1209,1,
1208,1742,0,
1208,1889,0,
1209,1079,0,
1209,1131,0,
1209,1201,1,
1209,1202,1,
1209,1203,1,
1209,1204,1,
1209,1205,1,
1209,1206,1,
1209,1207,1,
1209,1208,1,
1209,1742,0,
1209,1889,0,
1303,1304,1,
1303,1305,1,
1303,1308,1,
1303,1309,1,
1303,1310,1,
1304,1303,1,
1304,1305,1,
1304,1308,1,
1304,1309,1,
1304,1310,1,
1305,1303,1,
1305,1304,1,
1305,1308,1,
1305,1309,1,
1305,1310,1,
1308,1303,1,
1308,1304,1,
1308,1305,1,
1308,1309,1,
1308,1310,1,
1309,1303,1,
1309,1304,1,
1309,1305,1,
1309,1308,1,
1309,1310,1,
1310,1303,1,
1310,1304,1,
1310,1305,1,
1310,1308,1,
1310,1309,1,
1392,1779,3,
1392,1806,3,
1401,1402,1,
1401,1407,0,
1401,1408,0,
1401,1424,0,
1401,1723,0,
1401,1981,0,
1402,1401,1,
1402,1407,0,
1402,1408,0,
1402,1424,0,
1402,1723,0,
1402,1981,0,
1407,1401,0,
1407,1402,0,
1407,1408,0,
1407,1424,0,
1407,1723,0,
1407,1981,0,
1408,1401,0,
1408,1402,0,
1408,1407,0,
1408,1424,0,
1408,1723,0,
1408,1981,0,
1646,1779,3,
1646,1806,3,
1688,1779,3,
1688,1806,3,
1723,1401,0,
1723,1402,0,
1723,1407,0,
1723,1408,0,
1723,1424,0,
1723,1981,0,
1742,1079,0,
1742,1131,0,
1742,1201,0,
1742,1202,0,
1742,1203,0,
1742,1204,0,
1742,1205,0,
1742,1206,0,
1742,1207,0,
1742,1208,0,
1742,1209,0,
1742,1889,0,
1779,1077,3,
1779,1392,3,
1779,1646,3,
1779,1688,3,
1779,1790,3,
1790,1779,3,
1790,1806,3,
1806,1077,3,
1806,1392,3,
1806,1646,3,
1806,1688,3,
1806,1790,3,
1889,1079,0,
1889,1131,0,
1889,1201,0,
1889,1202,0,
1889,1203,0,
1889,1204,0,
1889,1205,0,
1889,1206,0,
1889,1207,0,
1889,1208,0,
1889,1209,0,
1889,1742,0,
1981,1401,0,
1981,1402,0,
1981,1407,0,
1981,1408,0,
1981,1424,0,
1981,1723,0,
2001,2002,1,
2001,2316,0,
2001,2969,0,
2002,2001,1,
2002,2316,0,
2002,2969,0,
2101,2102,1,
2101,2103,1,
2101,2104,1,
2101,2105,1,
2101,2106,1,
2101,2107,1,
2101,2108,1,
2101,2109,1,
2101,2110,1,
2101,2111,1,
2101,2112,1,
2102,2101,1,
2102,2103,1,
2102,2104,1,
2102,2105,1,
2102,2106,1,
2102,2107,1,
2102,2108,1,
2102,2109,1,
2102,2110,1,
2102,2111,1,
2102,2112,1,
2103,2101,1,
2103,2102,1,
2103,2104,1,
2103,2105,1,
2103,2106,1,
2103,2107,1,
2103,2108,1,
2103,2109,1,
2103,2110,1,
2103,2111,1,
2103,2112,1,
2104,2101,1,
2104,2102,1,
2104,2103,1,
2104,2105,1,
2104,2106,1,
2104,2107,1,
2104,2108,1,
2104,2109,1,
2104,2110,1,
2104,2111,1,
2104,2112,1,
2105,2101,1,
2105,2102,1,
2105,2103,1,
2105,2104,1,
2105,2106,1,
2105,2107,1,
2105,2108,1,
2105,2109,1,
2105,2110,1,
2105,2111,1,
2105,2112,1,
2106,2101,1,
2106,2102,1,
2106,2103,1,
2106,2104,1,
2106,2105,1,
2106,2107,1,
2106,2108,1,
2106,2109,1,
2106,2110,1,
2106,2111,1,
2106,2112,1,
2107,2101,1,
2107,2102,1,
2107,2103,1,
2107,2104,1,
2107,2105,1,
2107,2106,1,
2107,2108,1,
2107,2109,1,
2107,2110,1,
2107,2111,1,
2107,2112,1,
2108,2101,1,
2108,2102,1,
2108,2103,1,
2108,2104,1,
2108,2105,1,
2108,2106,1,
2108,2107,1,
2108,2109,1,
2108,2110,1,
2108,2111,1,
2108,2112,1,
2109,2101,1,
2109,2102,1,
2109,2103,1,
2109,2104,1,
2109,2105,1,
2109,2106,1,
2109,2107,1,
2109,2108,1,
2109,2110,1,
2109,2111,1,
2109,2112,1,
2110,2101,1,
2110,2102,1,
2110,2103,1,
2110,2104,1,
2110,2105,1,
2110,2106,1,
2110,2107,1,
2110,2108,1,
2110,2109,1,
2110,2111,1,
2110,2112,1,
2111,2101,1,
2111,2102,1,
2111,2103,1,
2111,2104,1,
2111,2105,1,
2111,2106,1,
2111,2107,1,
2111,2108,1,
2111,2109,1,
2111,2110,1,
2111,2112,1,
2112,2101,1,
2112,2102,1,
2112,2103,1,
2112,2104,1,
2112,2105,1,
2112,2106,1,
2112,2107,1,
2112,2108,1,
2112,2109,1,
2112,2110,1,
2112,2111,1,
2116,2701,1,
2116,2702,1,
2116,2703,1,
2116,2704,1,
2116,2705,1,
2116,2706,1,
2116,2707,1,
2116,2709,1,
2116,2710,1,
2116,2712,1,
2116,2713,1,
2116,2714,1,
2201,2202,1,
2201,2203,1,
2201,2204,1,
2201,2205,1,
2201,2206,1,
2201,2207,1,
2201,2208,1,
2201,2209,1,
2201,2210,1,
2201,2212,1,
2201,2213,1,
2201,2214,1,
2201,2215,1,
2201,2216,1,
2201,2218,1,
2202,2201,1,
2202,2203,1,
2202,2204,1,
2202,2205,1,
2202,2206,1,
2202,2207,1,
2202,2208,1,
2202,2209,1,
2202,2210,1,
2202,2212,1,
2202,2213,1,
2202,2214,1,
2202,2215,1,
2202,2216,1,
2202,2218,1,
2203,2201,1,
2203,2202,1,
2203,2204,1,
2203,2205,1,
2203,2206,1,
2203,2207,1,
2203,2208,1,
2203,2209,1,
2203,2210,1,
2203,2212,1,
2203,2213,1,
2203,2214,1,
2203,2215,1,
2203,2216,1,
2203,2218,1,
2204,2201,1,
2204,2202,1,
2204,2203,1,
2204,2205,1,
2204,2206,1,
2204,2207,1,
2204,2208,1,
2204,2209,1,
2204,2210,1,
2204,2212,1,
2204,2213,1,
2204,2214,1,
2204,2215,1,
2204,2216,1,
2204,2218,1,
2205,2201,1,
2205,2202,1,
2205,2203,1,
2205,2204,1,
2205,2206,1,
2205,2207,1,
2205,2208,1,
2205,2209,1,
2205,2210,1,
2205,2212,1,
2205,2213,1,
2205,2214,1,
2205,2215,1,
2205,2216,1,
2205,2218,1,
2206,2201,1,
2206,2202,1,
2206,2203,1,
2206,2204,1,
2206,2205,1,
2206,2207,1,
2206,2208,1,
2206,2209,1,
2206,2210,1,
2206,2212,1,
2206,2213,1,
2206,2214,1,
2206,2215,1,
2206,2216,1,
2206,2218,1,
2207,2201,1,
2207,2202,1,
2207,2203,1,
2207,2204,1,
2207,2205,1,
2207,2206,1,
2207,2208,1,
2207,2209,1,
2207,2210,1,
2207,2212,1,
2207,2213,1,
2207,2214,1,
2207,2215,1,
2207,2216,1,
2207,2218,1,
2208,2201,1,
2208,2202,1,
2208,2203,1,
2208,2204,1,
2208,2205,1,
2208,2206,1,
2208,2207,1,
2208,2209,1,
2208,2210,1,
2208,2212,1,
2208,2213,1,
2208,2214,1,
2208,2215,1,
2208,2216,1,
2208,2218,1,
2209,2201,1,
2209,2202,1,
2209,2203,1,
2209,2204,1,
2209,2205,1,
2209,2206,1,
2209,2207,1,
2209,2208,1,
2209,2210,1,
2209,2212,1,
2209,2213,1,
2209,2214,1,
2209,2215,1,
2209,2216,1,
2209,2218,1,
2210,2201,1,
2210,2202,1,
2210,2203,1,
2210,2204,1,
2210,2205,1,
2210,2206,1,
2210,2207,1,
2210,2208,1,
2210,2209,1,
2210,2212,1,
2210,2213,1,
2210,2214,1,
2210,2215,1,
2210,2216,1,
2210,2218,1,
2212,2201,1,
2212,2202,1,
2212,2203,1,
2212,2204,1,
2212,2205,1,
2212,2206,1,
2212,2207,1,
2212,2208,1,
2212,2209,1,
2212,2210,1,
2212,2213,1,
2212,2214,1,
2212,2215,1,
2212,2216,1,
2212,2218,1,
2213,2201,1,
2213,2202,1,
2213,2203,1,
2213,2204,1,
2213,2205,1,
2213,2206,1,
2213,2207,1,
2213,2208,1,
2213,2209,1,
2213,2210,1,
2213,2212,1,
2213,2214,1,
2213,2215,1,
2213,2216,1,
2213,2218,1,
2214,2201,1,
2214,2202,1,
2214,2203,1,
2214,2204,1,
2214,2205,1,
2214,2206,1,
2214,2207,1,
2214,2208,1,
2214,2209,1,
2214,2210,1,
2214,2212,1,
2214,2213,1,
2214,2215,1,
2214,2216,1,
2214,2218,1,
2215,2201,1,
2215,2202,1,
2215,2203,1,
2215,2204,1,
2215,2205,1,
2215,2206,1,
2215,2207,1,
2215,2208,1,
2215,2209,1,
2215,2210,1,
2215,2212,1,
2215,2213,1,
2215,2214,1,
2215,2216,1,
2215,2218,1,
2216,2201,1,
2216,2202,1,
2216,2203,1,
2216,2204,1,
2216,2205,1,
2216,2206,1,
2216,2207,1,
2216,2208,1,
2216,2209,1,
2216,2210,1,
2216,2212,1,
2216,2213,1,
2216,2214,1,
2216,2215,1,
2216,2218,1,
2218,2201,1,
2218,2202,1,
2218,2203,1,
2218,2204,1,
2218,2205,1,
2218,2206,1,
2218,2207,1,
2218,2208,1,
2218,2209,1,
2218,2210,1,
2218,2212,1,
2218,2213,1,
2218,2214,1,
2218,2215,1,
2218,2216,1,
2301,2302,1,
2301,2303,1,
2301,2304,1,
2301,2305,1,
2301,2306,1,
2301,2307,1,
2302,2301,1,
2302,2303,1,
2302,2304,1,
2302,2305,1,
2302,2306,1,
2302,2307,1,
2303,2301,1,
2303,2302,1,
2303,2304,1,
2303,2305,1,
2303,2306,1,
2303,2307,1,
2304,2301,1,
2304,2302,1,
2304,2303,1,
2304,2305,1,
2304,2306,1,
2304,2307,1,
2305,2301,1,
2305,2302,1,
2305,2303,1,
2305,2304,1,
2305,2306,1,
2305,2307,1,
2306,2301,1,
2306,2302,1,
2306,2303,1,
2306,2304,1,
2306,2305,1,
2306,2307,1,
2307,2301,1,
2307,2302,1,
2307,2303,1,
2307,2304,1,
2307,2305,1,
2307,2306,1,
2316,2001,0,
2316,2002,0,
2316,2969,0,
2701,2116,1,
2701,2702,1,
2701,2703,1,
2701,2704,1,
2701,2705,1,
2701,2706,1,
2701,2707,1,
2701,2709,1,
2701,2710,1,
2701,2712,1,
2701,2713,1,
2701,2714,1,
2702,2116,1,
2702,2701,1,
2702,2703,1,
2702,2704,1,
2702,2705,1,
2702,2706,1,
2702,2707,1,
2702,2709,1,
2702,2710,1,
2702,2712,1,
2702,2713,1,
2702,2714,1,
2703,2116,1,
2703,2701,1,
2703,2702,1,
2703,2704,1,
2703,2705,1,
2703,2706,1,
2703,2707,1,
2703,2709,1,
2703,2710,1,
2703,2712,1,
2703,2713,1,
2703,2714,1,
2704,2116,1,
2704,2701,1,
2704,2702,1,
2704,2703,1,
2704,2705,1,
2704,2706,1,
2704,2707,1,
2704,2709,1,
2704,2710,1,
2704,2712,1,
2704,2713,1,
2704,2714,1,
2705,2116,1,
2705,2701,1,
2705,2702,1,
2705,2703,1,
2705,2704,1,
2705,2706,1,
2705,2707,1,
2705,2709,1,
2705,2710,1,
2705,2712,1,
2705,2713,1,
2705,2714,1,
2706,2116,1,
2706,2701,1,
2706,2702,1,
2706,2703,1,
2706,2704,1,
2706,2705,1,
2706,2707,1,
2706,2709,1,
2706,2710,1,
2706,2712,1,
2706,2713,1,
2706,2714,1,
2707,2116,1,
2707,2701,1,
2707,2702,1,
2707,2703,1,
2707,2704,1,
2707,2705,1,
2707,2706,1,
2707,2709,1,
2707,2710,1,
2707,2712,1,
2707,2713,1,
2707,2714,1,
2709,2701,1,
2709,2702,1,
2709,2703,1,
2709,2704,1,
2709,2705,1,
2709,2706,1,
2709,2707,1,
2709,2710,1,
2709,2712,1,
2709,2713,1,
2709,2714,1,
2710,2116,1,
2710,2701,1,
2710,2702,1,
2710,2703,1,
2710,2704,1,
2710,2705,1,
2710,2706,1,
2710,2707,1,
2710,2709,1,
2710,2712,1,
2710,2713,1,
2710,2714,1,
2712,2116,1,
2712,2701,1,
2712,2702,1,
2712,2703,1,
2712,2704,1,
2712,2705,1,
2712,2706,1,
2712,2707,1,
2712,2709,1,
2712,2710,1,
2712,2713,1,
2712,2714,1,
2713,2116,1,
2713,2701,1,
2713,2702,1,
2713,2703,1,
2713,2704,1,
2713,2705,1,
2713,2706,1,
2713,2707,1,
2713,2709,1,
2713,2710,1,
2713,2712,1,
2713,2714,1,
2714,2116,1,
2714,2701,1,
2714,2702,1,
2714,2703,1,
2714,2704,1,
2714,2705,1,
2714,2706,1,
2714,2707,1,
2714,2709,1,
2714,2710,1,
2714,2712,1,
2714,2713,1,
2969,2001,0,
2969,2002,0,
2969,2316,0,
3001,3002,1,
3001,3003,1,
3001,3004,1,
3001,3005,1,
3001,3006,1,
3001,3007,1,
3001,3008,1,
3001,3009,1,
3001,3010,1,
3001,3011,1,
3001,3012,1,
3002,3001,1,
3002,3003,1,
3002,3004,1,
3002,3005,1,
3002,3006,1,
3002,3007,1,
3002,3008,1,
3002,3009,1,
3002,3010,1,
3002,3011,1,
3002,3012,1,
3003,3001,1,
3003,3002,1,
3003,3004,1,
3003,3005,1,
3003,3006,1,
3003,3007,1,
3003,3008,1,
3003,3009,1,
3003,3010,1,
3003,3011,1,
3003,3012,1,
3004,3001,1,
3004,3002,1,
3004,3003,1,
3004,3005,1,
3004,3006,1,
3004,3007,1,
3004,3008,1,
3004,3009,1,
3004,3010,1,
3004,3011,1,
3004,3012,1,
3005,3001,1,
3005,3002,1,
3005,3003,1,
3005,3004,1,
3005,3006,1,
3005,3007,1,
3005,3008,1,
3005,3009,1,
3005,3010,1,
3005,3011,1,
3005,3012,1,
3006,3001,1,
3006,3002,1,
3006,3003,1,
3006,3004,1,
3006,3005,1,
3006,3007,1,
3006,3008,1,
3006,3009,1,
3006,3010,1,
3006,3011,1,
3006,3012,1,
3007,3001,1,
3007,3002,1,
3007,3003,1,
3007,3004,1,
3007,3005,1,
3007,3006,1,
3007,3008,1,
3007,3009,1,
3007,3010,1,
3007,3011,1,
3007,3012,1,
3008,3001,1,
3008,3002,1,
3008,3003,1,
3008,3004,1,
3008,3005,1,
3008,3006,1,
3008,3007,1,
3008,3009,1,
3008,3010,1,
3008,3011,1,
3008,3012,1,
3009,3001,1,
3009,3002,1,
3009,3003,1,
3009,3004,1,
3009,3005,1,
3009,3006,1,
3009,3007,1,
3009,3008,1,
3009,3010,1,
3009,3011,1,
3009,3012,1,
3010,3001,1,
3010,3002,1,
3010,3003,1,
3010,3004,1,
3010,3005,1,
3010,3006,1,
3010,3007,1,
3010,3008,1,
3010,3009,1,
3010,3011,1,
3010,3012,1,
3011,3001,1,
3011,3002,1,
3011,3003,1,
3011,3004,1,
3011,3005,1,
3011,3006,1,
3011,3007,1,
3011,3008,1,
3011,3009,1,
3011,3010,1,
3011,3012,1,
3012,3001,1,
3012,3002,1,
3012,3003,1,
3012,3004,1,
3012,3005,1,
3012,3006,1,
3012,3007,1,
3012,3008,1,
3012,3009,1,
3012,3010,1,
3012,3011,1,
3201,3202,1,
3201,3203,1,
3201,3204,1,
3201,3205,1,
3201,3206,1,
3201,3207,1,
3201,3208,1,
3201,3209,1,
3201,3210,1,
3201,3211,1,
3201,3212,1,
3201,3213,1,
3201,3214,1,
3201,3215,1,
3201,3216,1,
3201,3217,1,
3202,3201,1,
3202,3203,1,
3202,3204,1,
3202,3205,1,
3202,3206,1,
3202,3207,1,
3202,3208,1,
3202,3209,1,
3202,3210,1,
3202,3211,1,
3202,3212,1,
3202,3213,1,
3202,3214,1,
3202,3215,1,
3202,3216,1,
3202,3217,1,
3203,3201,1,
3203,3202,1,
3203,3204,1,
3203,3205,1,
3203,3206,1,
3203,3207,1,
3203,3208,1,
3203,3209,1,
3203,3210,1,
3203,3211,1,
3203,3212,1,
3203,3213,1,
3203,3214,1,
3203,3215,1,
3203,3216,1,
3203,3217,1,
3204,3201,1,
3204,3202,1,
3204,3203,1,
3204,3205,1,
3204,3206,1,
3204,3207,1,
3204,3208,1,
3204,3209,1,
3204,3210,1,
3204,3211,1,
3204,3212,1,
3204,3213,1,
3204,3214,1,
3204,3215,1,
3204,3216,1,
3204,3217,1,
3205,3201,1,
3205,3202,1,
3205,3203,1,
3205,3204,1,
3205,3206,1,
3205,3207,1,
3205,3208,1,
3205,3209,1,
3205,3210,1,
3205,3211,1,
3205,3212,1,
3205,3213,1,
3205,3214,1,
3205,3215,1,
3205,3216,1,
3205,3217,1,
3206,3201,1,
3206,3202,1,
3206,3203,1,
3206,3204,1,
3206,3205,1,
3206,3207,1,
3206,3208,1,
3206,3209,1,
3206,3210,1,
3206,3211,1,
3206,3212,1,
3206,3213,1,
3206,3214,1,
3206,3215,1,
3206,3216,1,
3206,3217,1,
3207,3201,1,
3207,3202,1,
3207,3203,1,
3207,3204,1,
3207,3205,1,
3207,3206,1,
3207,3208,1,
3207,3209,1,
3207,3210,1,
3207,3211,1,
3207,3212,1,
3207,3213,1,
3207,3214,1,
3207,3215,1,
3207,3216,1,
3207,3217,1,
3208,3201,1,
3208,3202,1,
3208,3203,1,
3208,3204,1,
3208,3205,1,
3208,3206,1,
3208,3207,1,
3208,3209,1,
3208,3210,1,
3208,3211,1,
3208,3212,1,
3208,3213,1,
3208,3214,1,
3208,3215,1,
3208,3216,1,
3208,3217,1,
3209,3201,1,
3209,3202,1,
3209,3203,1,
3209,3204,1,
3209,3205,1,
3209,3206,1,
3209,3207,1,
3209,3208,1,
3209,3210,1,
3209,3211,1,
3209,3212,1,
3209,3213,1,
3209,3214,1,
3209,3215,1,
3209,3216,1,
3209,3217,1,
3210,3201,1,
3210,3202,1,
3210,3203,1,
3210,3204,1,
3210,3205,1,
3210,3206,1,
3210,3207,1,
3210,3208,1,
3210,3209,1,
3210,3211,1,
3210,3212,1,
3210,3213,1,
3210,3214,1,
3210,3215,1,
3210,3216,1,
3210,3217,1,
3211,3201,1,
3211,3202,1,
3211,3203,1,
3211,3204,1,
3211,3205,1,
3211,3206,1,
3211,3207,1,
3211,3208,1,
3211,3209,1,
3211,3210,1,
3211,3212,1,
3211,3213,1,
3211,3214,1,
3211,3215,1,
3211,3216,1,
3211,3217,1,
3212,3201,1,
3212,3202,1,
3212,3203,1,
3212,3204,1,
3212,3205,1,
3212,3206,1,
3212,3207,1,
3212,3208,1,
3212,3209,1,
3212,3210,1,
3212,3211,1,
3212,3213,1,
3212,3214,1,
3212,3215,1,
3212,3216,1,
3212,3217,1,
3213,3201,1,
3213,3202,1,
3213,3203,1,
3213,3204,1,
3213,3205,1,
3213,3206,1,
3213,3207,1,
3213,3208,1,
3213,3209,1,
3213,3210,1,
3213,3211,1,
3213,3212,1,
3213,3214,1,
3213,3215,1,
3213,3216,1,
3213,3217,1,
3214,3201,1,
3214,3202,1,
3214,3203,1,
3214,3204,1,
3214,3205,1,
3214,3206,1,
3214,3207,1,
3214,3208,1,
3214,3209,1,
3214,3210,1,
3214,3211,1,
3214,3212,1,
3214,3213,1,
3214,3215,1,
3214,3216,1,
3214,3217,1,
3215,3201,1,
3215,3202,1,
3215,3203,1,
3215,3204,1,
3215,3205,1,
3215,3206,1,
3215,3207,1,
3215,3208,1,
3215,3209,1,
3215,3210,1,
3215,3211,1,
3215,3212,1,
3215,3213,1,
3215,3214,1,
3215,3216,1,
3215,3217,1,
3216,3201,1,
3216,3202,1,
3216,3203,1,
3216,3204,1,
3216,3205,1,
3216,3206,1,
3216,3207,1,
3216,3208,1,
3216,3209,1,
3216,3210,1,
3216,3211,1,
3216,3212,1,
3216,3213,1,
3216,3214,1,
3216,3215,1,
3216,3217,1,
3217,3201,1,
3217,3202,1,
3217,3203,1,
3217,3204,1,
3217,3205,1,
3217,3206,1,
3217,3207,1,
3217,3208,1,
3217,3209,1,
3217,3210,1,
3217,3211,1,
3217,3212,1,
3217,3213,1,
3217,3214,1,
3217,3215,1,
3217,3216,1,
4201,4202,1,
4201,4203,1,
4201,4204,1,
4201,4205,1,
4201,4206,1,
4201,4207,1,
4201,4208,1,
4201,4209,1,
4201,4210,1,
4201,4211,1,
4201,4212,1,
4201,4213,1,
4201,4214,1,
4201,4215,1,
4201,4216,1,
4202,4201,1,
4202,4203,1,
4202,4204,1,
4202,4205,1,
4202,4206,1,
4202,4207,1,
4202,4208,1,
4202,4209,1,
4202,4210,1,
4202,4211,1,
4202,4212,1,
4202,4213,1,
4202,4214,1,
4202,4215,1,
4202,4216,1,
4203,4201,1,
4203,4202,1,
4203,4204,1,
4203,4205,1,
4203,4206,1,
4203,4207,1,
4203,4208,1,
4203,4209,1,
4203,4210,1,
4203,4211,1,
4203,4212,1,
4203,4213,1,
4203,4214,1,
4203,4215,1,
4203,4216,1,
4204,4201,1,
4204,4202,1,
4204,4203,1,
4204,4205,1,
4204,4206,1,
4204,4207,1,
4204,4208,1,
4204,4209,1,
4204,4210,1,
4204,4211,1,
4204,4212,1,
4204,4213,1,
4204,4214,1,
4204,4215,1,
4204,4216,1,
4205,4201,1,
4205,4202,1,
4205,4203,1,
4205,4204,1,
4205,4206,1,
4205,4207,1,
4205,4208,1,
4205,4209,1,
4205,4210,1,
4205,4211,1,
4205,4212,1,
4205,4213,1,
4205,4214,1,
4205,4215,1,
4205,4216,1,
4206,4201,1,
4206,4202,1,
4206,4203,1,
4206,4204,1,
4206,4205,1,
4206,4207,1,
4206,4208,1,
4206,4209,1,
4206,4210,1,
4206,4211,1,
4206,4212,1,
4206,4213,1,
4206,4214,1,
4206,4215,1,
4206,4216,1,
4207,4201,1,
4207,4202,1,
4207,4203,1,
4207,4204,1,
4207,4205,1,
4207,4206,1,
4207,4208,1,
4207,4209,1,
4207,4210,1,
4207,4211,1,
4207,4212,1,
4207,4213,1,
4207,4214,1,
4207,4215,1,
4207,4216,1,
4208,4201,1,
4208,4202,1,
4208,4203,1,
4208,4204,1,
4208,4205,1,
4208,4206,1,
4208,4207,1,
4208,4209,1,
4208,4210,1,
4208,4211,1,
4208,4212,1,
4208,4213,1,
4208,4214,1,
4208,4215,1,
4208,4216,1,
4209,4201,1,
4209,4202,1,
4209,4203,1,
4209,4204,1,
4209,4205,1,
4209,4206,1,
4209,4207,1,
4209,4208,1,
4209,4210,1,
4209,4211,1,
4209,4212,1,
4209,4213,1,
4209,4214,1,
4209,4215,1,
4209,4216,1,
4210,4201,1,
4210,4202,1,
4210,4203,1,
4210,4204,1,
4210,4205,1,
4210,4206,1,
4210,4207,1,
4210,4208,1,
4210,4209,1,
4210,4211,1,
4210,4212,1,
4210,4213,1,
4210,4214,1,
4210,4215,1,
4210,4216,1,
4211,4201,1,
4211,4202,1,
4211,4203,1,
4211,4204,1,
4211,4205,1,
4211,4206,1,
4211,4207,1,
4211,4208,1,
4211,4209,1,
4211,4210,1,
4211,4212,1,
4211,4213,1,
4211,4214,1,
4211,4215,1,
4211,4216,1,
4212,4201,1,
4212,4202,1,
4212,4203,1,
4212,4204,1,
4212,4205,1,
4212,4206,1,
4212,4207,1,
4212,4208,1,
4212,4209,1,
4212,4210,1,
4212,4211,1,
4212,4213,1,
4212,4214,1,
4212,4215,1,
4212,4216,1,
4213,4201,1,
4213,4202,1,
4213,4203,1,
4213,4204,1,
4213,4205,1,
4213,4206,1,
4213,4207,1,
4213,4208,1,
4213,4209,1,
4213,4210,1,
4213,4211,1,
4213,4212,1,
4213,4214,1,
4213,4215,1,
4213,4216,1,
4214,4201,1,
4214,4202,1,
4214,4203,1,
4214,4204,1,
4214,4205,1,
4214,4206,1,
4214,4207,1,
4214,4208,1,
4214,4209,1,
4214,4210,1,
4214,4211,1,
4214,4212,1,
4214,4213,1,
4214,4215,1,
4214,4216,1,
4215,4201,1,
4215,4202,1,
4215,4203,1,
4215,4204,1,
4215,4205,1,
4215,4206,1,
4215,4207,1,
4215,4208,1,
4215,4209,1,
4215,4210,1,
4215,4211,1,
4215,4212,1,
4215,4213,1,
4215,4214,1,
4215,4216,1,
4216,4201,1,
4216,4202,1,
4216,4203,1,
4216,4204,1,
4216,4205,1,
4216,4206,1,
4216,4207,1,
4216,4208,1,
4216,4209,1,
4216,4210,1,
4216,4211,1,
4216,4212,1,
4216,4213,1,
4216,4214,1,
4216,4215,1,
4802,4803,1,
4802,4804,1,
4802,4805,1,
4802,4809,1,
4802,4810,1,
4802,4811,1,
4802,4812,1,
4802,4813,1,
4803,4802,1,
4803,4804,1,
4803,4805,1,
4803,4809,1,
4803,4810,1,
4803,4811,1,
4803,4812,1,
4803,4813,1,
4804,4802,1,
4804,4803,1,
4804,4805,1,
4804,4809,1,
4804,4810,1,
4804,4811,1,
4804,4812,1,
4804,4813,1,
4805,4802,1,
4805,4803,1,
4805,4804,1,
4805,4809,1,
4805,4810,1,
4805,4811,1,
4805,4812,1,
4805,4813,1,
4809,4802,1,
4809,4803,1,
4809,4804,1,
4809,4805,1,
4809,4810,1,
4809,4811,1,
4809,4812,1,
4809,4813,1,
4810,4802,1,
4810,4803,1,
4810,4804,1,
4810,4805,1,
4810,4809,1,
4810,4811,1,
4810,4812,1,
4810,4813,1,
4811,4802,1,
4811,4803,1,
4811,4804,1,
4811,4805,1,
4811,4809,1,
4811,4810,1,
4811,4812,1,
4811,4813,1,
4812,4802,1,
4812,4803,1,
4812,4804,1,
4812,4805,1,
4812,4809,1,
4812,4810,1,
4812,4811,1,
4812,4813,1,
4813,4802,1,
4813,4803,1,
4813,4804,1,
4813,4805,1,
4813,4809,1,
4813,4810,1,
4813,4811,1,
4813,4812,1,
5001,5002,1,
5001,5003,1,
5001,5004,1,
5001,5005,1,
5001,5006,1,
5001,5007,1,
5001,5008,1,
5001,5009,1,
5001,5010,1,
5001,5011,1,
5001,5012,1,
5001,5013,1,
5002,5001,1,
5002,5003,1,
5002,5004,1,
5002,5005,1,
5002,5006,1,
5002,5007,1,
5002,5008,1,
5002,5009,1,
5002,5010,1,
5002,5011,1,
5002,5012,1,
5002,5013,1,
5003,5001,1,
5003,5002,1,
5003,5004,1,
5003,5005,1,
5003,5006,1,
5003,5007,1,
5003,5008,1,
5003,5009,1,
5003,5010,1,
5003,5011,1,
5003,5012,1,
5003,5013,1,
5004,5001,1,
5004,5002,1,
5004,5003,1,
5004,5005,1,
5004,5006,1,
5004,5007,1,
5004,5008,1,
5004,5009,1,
5004,5010,1,
5004,5011,1,
5004,5012,1,
5004,5013,1,
5005,5001,1,
5005,5002,1,
5005,5003,1,
5005,5004,1,
5005,5006,1,
5005,5007,1,
5005,5008,1,
5005,5009,1,
5005,5010,1,
5005,5011,1,
5005,5012,1,
5005,5013,1,
5006,5001,1,
5006,5002,1,
5006,5003,1,
5006,5004,1,
5006,5005,1,
5006,5007,1,
5006,5008,1,
5006,5009,1,
5006,5010,1,
5006,5011,1,
5006,5012,1,
5006,5013,1,
5007,5001,1,
5007,5002,1,
5007,5003,1,
5007,5004,1,
5007,5005,1,
5007,5006,1,
5007,5008,1,
5007,5009,1,
5007,5010,1,
5007,5011,1,
5007,5012,1,
5007,5013,1,
5008,5001,1,
5008,5002,1,
5008,5003,1,
5008,5004,1,
5008,5005,1,
5008,5006,1,
5008,5007,1,
5008,5009,1,
5008,5010,1,
5008,5011,1,
5008,5012,1,
5008,5013,1,
5009,5001,1,
5009,5002,1,
5009,5003,1,
5009,5004,1,
5009,5005,1,
5009,5006,1,
5009,5007,1,
5009,5008,1,
5009,5010,1,
5009,5011,1,
5009,5012,1,
5009,5013,1,
5010,5001,1,
5010,5002,1,
5010,5003,1,
5010,5004,1,
5010,5005,1,
5010,5006,1,
5010,5007,1,
5010,5008,1,
5010,5009,1,
5010,5011,1,
5010,5012,1,
5010,5013,1,
5011,5001,1,
5011,5002,1,
5011,5003,1,
5011,5004,1,
5011,5005,1,
5011,5006,1,
5011,5007,1,
5011,5008,1,
5011,5009,1,
5011,5010,1,
5011,5012,1,
5011,5013,1,
5012,5001,1,
5012,5002,1,
5012,5003,1,
5012,5004,1,
5012,5005,1,
5012,5006,1,
5012,5007,1,
5012,5008,1,
5012,5009,1,
5012,5010,1,
5012,5011,1,
5012,5013,1,
5013,5001,1,
5013,5002,1,
5013,5003,1,
5013,5004,1,
5013,5005,1,
5013,5006,1,
5013,5007,1,
5013,5008,1,
5013,5009,1,
5013,5010,1,
5013,5011,1,
5013,5012,1,
5101,5102,1,
5101,5103,1,
5101,5104,1,
5101,5105,1,
5101,5106,1,
5101,5107,1,
5101,5108,1,
5101,5109,1,
5101,5110,1,
5101,5111,1,
5101,5112,1,
5102,5101,1,
5102,5103,1,
5102,5104,1,
5102,5105,1,
5102,5106,1,
5102,5107,1,
5102,5108,1,
5102,5109,1,
5102,5110,1,
5102,5111,1,
5102,5112,1,
5103,5101,1,
5103,5102,1,
5103,5104,1,
5103,5105,1,
5103,5106,1,
5103,5107,1,
5103,5108,1,
5103,5109,1,
5103,5110,1,
5103,5111,1,
5103,5112,1,
5104,5101,1,
5104,5102,1,
5104,5103,1,
5104,5105,1,
5104,5106,1,
5104,5107,1,
5104,5108,1,
5104,5109,1,
5104,5110,1,
5104,5111,1,
5104,5112,1,
5105,5101,1,
5105,5102,1,
5105,5103,1,
5105,5104,1,
5105,5106,1,
5105,5107,1,
5105,5108,1,
5105,5109,1,
5105,5110,1,
5105,5111,1,
5105,5112,1,
5106,5101,1,
5106,5102,1,
5106,5103,1,
5106,5104,1,
5106,5105,1,
5106,5107,1,
5106,5108,1,
5106,5109,1,
5106,5110,1,
5106,5111,1,
5106,5112,1,
5107,5101,1,
5107,5102,1,
5107,5103,1,
5107,5104,1,
5107,5105,1,
5107,5106,1,
5107,5108,1,
5107,5109,1,
5107,5110,1,
5107,5111,1,
5107,5112,1,
5108,5101,1,
5108,5102,1,
5108,5103,1,
5108,5104,1,
5108,5105,1,
5108,5106,1,
5108,5107,1,
5108,5109,1,
5108,5110,1,
5108,5111,1,
5108,5112,1,
5109,5101,1,
5109,5102,1,
5109,5103,1,
5109,5104,1,
5109,5105,1,
5109,5106,1,
5109,5107,1,
5109,5108,1,
5109,5110,1,
5109,5111,1,
5109,5112,1,
5110,5101,1,
5110,5102,1,
5110,5103,1,
5110,5104,1,
5110,5105,1,
5110,5106,1,
5110,5107,1,
5110,5108,1,
5110,5109,1,
5110,5111,1,
5110,5112,1,
5111,5101,1,
5111,5102,1,
5111,5103,1,
5111,5104,1,
5111,5105,1,
5111,5106,1,
5111,5107,1,
5111,5108,1,
5111,5109,1,
5111,5110,1,
5111,5112,1,
5112,5101,1,
5112,5102,1,
5112,5103,1,
5112,5104,1,
5112,5105,1,
5112,5106,1,
5112,5107,1,
5112,5108,1,
5112,5109,1,
5112,5110,1,
5112,5111,1,
5201,5202,1,
5201,5203,1,
5201,5204,1,
5201,5205,1,
5201,5206,1,
5201,5207,1,
5201,5208,1,
5201,5209,1,
5201,5210,1,
5201,5211,1,
5202,5201,1,
5202,5203,1,
5202,5204,1,
5202,5205,1,
5202,5206,1,
5202,5207,1,
5202,5208,1,
5202,5209,1,
5202,5210,1,
5202,5211,1,
5203,5201,1,
5203,5202,1,
5203,5204,1,
5203,5205,1,
5203,5206,1,
5203,5207,1,
5203,5208,1,
5203,5209,1,
5203,5210,1,
5203,5211,1,
5204,5201,1,
5204,5202,1,
5204,5203,1,
5204,5205,1,
5204,5206,1,
5204,5207,1,
5204,5208,1,
5204,5209,1,
5204,5210,1,
5204,5211,1,
5205,5201,1,
5205,5202,1,
5205,5203,1,
5205,5204,1,
5205,5206,1,
5205,5207,1,
5205,5208,1,
5205,5209,1,
5205,5210,1,
5205,5211,1,
5206,5201,1,
5206,5202,1,
5206,5203,1,
5206,5204,1,
5206,5205,1,
5206,5207,1,
5206,5208,1,
5206,5209,1,
5206,5210,1,
5206,5211,1,
5207,5201,1,
5207,5202,1,
5207,5203,1,
5207,5204,1,
5207,5205,1,
5207,5206,1,
5207,5208,1,
5207,5209,1,
5207,5210,1,
5207,5211,1,
5208,5201,1,
5208,5202,1,
5208,5203,1,
5208,5204,1,
5208,5205,1,
5208,5206,1,
5208,5207,1,
5208,5209,1,
5208,5210,1,
5208,5211,1,
5209,5201,1,
5209,5202,1,
5209,5203,1,
5209,5204,1,
5209,5205,1,
5209,5206,1,
5209,5207,1,
5209,5208,1,
5209,5210,1,
5209,5211,1,
5210,5201,1,
5210,5202,1,
5210,5203,1,
5210,5204,1,
5210,5205,1,
5210,5206,1,
5210,5207,1,
5210,5208,1,
5210,5209,1,
5210,5211,1,
5211,5201,1,
5211,5202,1,
5211,5203,1,
5211,5204,1,
5211,5205,1,
5211,5206,1,
5211,5207,1,
5211,5208,1,
5211,5209,1,
5211,5210,1,
5301,5302,1,
5302,5301,1,
6001,6002,1,
6001,6004,1,
6001,6005,1,
6001,6006,1,
6001,6007,1,
6001,6008,1,
6001,6009,1,
6001,6010,1,
6001,6011,1,
6002,6001,1,
6002,6004,1,
6002,6005,1,
6002,6006,1,
6002,6007,1,
6002,6008,1,
6002,6009,1,
6002,6010,1,
6002,6011,1,
6004,6001,1,
6004,6002,1,
6004,6005,1,
6004,6006,1,
6004,6007,1,
6004,6008,1,
6004,6009,1,
6004,6010,1,
6004,6011,1,
6005,6001,1,
6005,6002,1,
6005,6004,1,
6005,6006,1,
6005,6007,1,
6005,6008,1,
6005,6009,1,
6005,6010,1,
6005,6011,1,
6006,6001,1,
6006,6002,1,
6006,6004,1,
6006,6005,1,
6006,6007,1,
6006,6008,1,
6006,6009,1,
6006,6010,1,
6006,6011,1,
6007,6001,1,
6007,6002,1,
6007,6004,1,
6007,6005,1,
6007,6006,1,
6007,6008,1,
6007,6009,1,
6007,6010,1,
6007,6011,1,
6008,6001,1,
6008,6002,1,
6008,6004,1,
6008,6005,1,
6008,6006,1,
6008,6007,1,
6008,6009,1,
6008,6010,1,
6008,6011,1,
6009,6001,1,
6009,6002,1,
6009,6004,1,
6009,6005,1,
6009,6006,1,
6009,6007,1,
6009,6008,1,
6009,6010,1,
6009,6011,1,
6010,6001,1,
6010,6002,1,
6010,6004,1,
6010,6005,1,
6010,6006,1,
6010,6007,1,
6010,6008,1,
6010,6009,1,
6010,6011,1,
6011,6001,1,
6011,6002,1,
6011,6004,1,
6011,6005,1,
6011,6006,1,
6011,6007,1,
6011,6008,1,
6011,6009,1,
6011,6010,1,
6301,6303,1,
6301,6304,1,
6301,6305,1,
6301,6306,1,
6301,6307,1,
6301,6308,1,
6301,6310,1,
6301,6311,1,
6301,6312,1,
6301,6313,1,
6301,6314,1,
6301,6315,1,
6301,6316,1,
6301,6317,1,
6303,6301,1,
6303,6304,1,
6303,6305,1,
6303,6306,1,
6303,6307,1,
6303,6308,1,
6303,6310,1,
6303,6311,1,
6303,6312,1,
6303,6313,1,
6303,6314,1,
6303,6315,1,
6303,6316,1,
6303,6317,1,
6304,6301,1,
6304,6303,1,
6304,6305,1,
6304,6306,1,
6304,6307,1,
6304,6308,1,
6304,6310,1,
6304,6311,1,
6304,6312,1,
6304,6313,1,
6304,6314,1,
6304,6315,1,
6304,6316,1,
6304,6317,1,
6305,6301,1,
6305,6303,1,
6305,6304,1,
6305,6306,1,
6305,6307,1,
6305,6308,1,
6305,6310,1,
6305,6311,1,
6305,6312,1,
6305,6313,1,
6305,6314,1,
6305,6315,1,
6305,6316,1,
6305,6317,1,
6306,6301,1,
6306,6303,1,
6306,6304,1,
6306,6305,1,
6306,6307,1,
6306,6308,1,
6306,6310,1,
6306,6311,1,
6306,6312,1,
6306,6313,1,
6306,6314,1,
6306,6315,1,
6306,6316,1,
6306,6317,1,
6307,6301,1,
6307,6303,1,
6307,6304,1,
6307,6305,1,
6307,6306,1,
6307,6308,1,
6307,6310,1,
6307,6311,1,
6307,6312,1,
6307,6313,1,
6307,6314,1,
6307,6315,1,
6307,6316,1,
6307,6317,1,
6308,6301,1,
6308,6303,1,
6308,6304,1,
6308,6305,1,
6308,6306,1,
6308,6307,1,
6308,6310,1,
6308,6311,1,
6308,6312,1,
6308,6313,1,
6308,6314,1,
6308,6315,1,
6308,6316,1,
6308,6317,1,
6310,6301,1,
6310,6303,1,
6310,6304,1,
6310,6305,1,
6310,6306,1,
6310,6307,1,
6310,6308,1,
6310,6311,1,
6310,6312,1,
6310,6313,1,
6310,6314,1,
6310,6315,1,
6310,6316,1,
6310,6317,1,
6311,6301,1,
6311,6303,1,
6311,6304,1,
6311,6305,1,
6311,6306,1,
6311,6307,1,
6311,6308,1,
6311,6310,1,
6311,6312,1,
6311,6313,1,
6311,6314,1,
6311,6315,1,
6311,6316,1,
6311,6317,1,
6312,6301,1,
6312,6303,1,
6312,6304,1,
6312,6305,1,
6312,6306,1,
6312,6307,1,
6312,6308,1,
6312,6310,1,
6312,6311,1,
6312,6313,1,
6312,6314,1,
6312,6315,1,
6312,6316,1,
6312,6317,1,
6313,6301,1,
6313,6303,1,
6313,6304,1,
6313,6305,1,
6313,6306,1,
6313,6307,1,
6313,6308,1,
6313,6310,1,
6313,6311,1,
6313,6312,1,
6313,6314,1,
6313,6315,1,
6313,6316,1,
6313,6317,1,
6314,6301,1,
6314,6303,1,
6314,6304,1,
6314,6305,1,
6314,6306,1,
6314,6307,1,
6314,6308,1,
6314,6310,1,
6314,6311,1,
6314,6312,1,
6314,6313,1,
6314,6315,1,
6314,6316,1,
6314,6317,1,
6315,6301,1,
6315,6303,1,
6315,6304,1,
6315,6305,1,
6315,6306,1,
6315,6307,1,
6315,6308,1,
6315,6310,1,
6315,6311,1,
6315,6312,1,
6315,6313,1,
6315,6314,1,
6315,6316,1,
6315,6317,1,
6316,6301,1,
6316,6303,1,
6316,6304,1,
6316,6305,1,
6316,6306,1,
6316,6307,1,
6316,6308,1,
6316,6310,1,
6316,6311,1,
6316,6312,1,
6316,6313,1,
6316,6314,1,
6316,6315,1,
6316,6317,1,
6317,6301,1,
6317,6303,1,
6317,6304,1,
6317,6305,1,
6317,6306,1,
6317,6307,1,
6317,6308,1,
6317,6310,1,
6317,6311,1,
6317,6312,1,
6317,6313,1,
6317,6314,1,
6317,6315,1,
6317,6316,1,
7081,7201,0,
7081,7202,0,
7081,7203,0,
7081,7204,0,
7081,7205,0,
7081,7206,0,
7081,7207,0,
7081,7208,0,
7081,7209,0,
7081,7210,0,
7081,7211,0,
7081,7335,0,
7081,7692,0,
7081,7830,0,
7101,7102,1,
7101,7103,1,
7101,7104,1,
7101,7105,1,
7101,7106,1,
7101,7901,0,
7101,7902,0,
7101,7903,0,
7101,7904,0,
7101,7905,0,
7101,7906,0,
7101,7907,0,
7101,7908,0,
7101,7909,0,
7101,7910,0,
7101,7977,0,
7102,7101,1,
7102,7103,1,
7102,7104,1,
7102,7105,1,
7102,7106,1,
7102,7901,0,
7102,7902,0,
7102,7903,0,
7102,7904,0,
7102,7905,0,
7102,7906,0,
7102,7907,0,
7102,7908,0,
7102,7909,0,
7102,7910,0,
7102,7977,0,
7103,7101,1,
7103,7102,1,
7103,7104,1,
7103,7105,1,
7103,7106,1,
7103,7901,0,
7103,7902,0,
7103,7903,0,
7103,7904,0,
7103,7905,0,
7103,7906,0,
7103,7907,0,
7103,7908,0,
7103,7909,0,
7103,7910,0,
7103,7977,0,
7104,7101,1,
7104,7102,1,
7104,7103,1,
7104,7105,1,
7104,7106,1,
7104,7901,0,
7104,7902,0,
7104,7903,0,
7104,7904,0,
7104,7905,0,
7104,7906,0,
7104,7907,0,
7104,7908,0,
7104,7909,0,
7104,7910,0,
7104,7977,0,
7105,7101,1,
7105,7102,1,
7105,7103,1,
7105,7104,1,
7105,7106,1,
7105,7901,0,
7105,7902,0,
7105,7903,0,
7105,7904,0,
7105,7905,0,
7105,7906,0,
7105,7907,0,
7105,7908,0,
7105,7909,0,
7105,7910,0,
7105,7977,0,
7106,7101,1,
7106,7102,1,
7106,7103,1,
7106,7104,1,
7106,7105,1,
7106,7901,0,
7106,7902,0,
7106,7903,0,
7106,7904,0,
7106,7905,0,
7106,7906,0,
7106,7907,0,
7106,7908,0,
7106,7909,0,
7106,7910,0,
7106,7977,0,
7201,7081,0,
7201,7202,1,
7201,7203,1,
7201,7204,1,
7201,7205,1,
7201,7206,1,
7201,7207,1,
7201,7208,1,
7201,7209,1,
7201,7210,1,
7201,7211,1,
7201,7335,0,
7201,7692,0,
7201,7830,0,
7202,7081,0,
7202,7201,1,
7202,7203,1,
7202,7204,1,
7202,7205,1,
7202,7206,1,
7202,7207,1,
7202,7208,1,
7202,7209,1,
7202,7210,1,
7202,7211,1,
7202,7335,0,
7202,7692,0,
7202,7830,0,
7203,7081,0,
7203,7201,1,
7203,7202,1,
7203,7204,1,
7203,7205,1,
7203,7206,1,
7203,7207,1,
7203,7208,1,
7203,7209,1,
7203,7210,1,
7203,7211,1,
7203,7335,0,
7203,7692,0,
7203,7830,0,
7204,7081,0,
7204,7201,1,
7204,7202,1,
7204,7203,1,
7204,7205,1,
7204,7206,1,
7204,7207,1,
7204,7208,1,
7204,7209,1,
7204,7210,1,
7204,7211,1,
7204,7335,0,
7204,7692,0,
7204,7830,0,
7205,7081,0,
7205,7201,1,
7205,7202,1,
7205,7203,1,
7205,7204,1,
7205,7206,1,
7205,7207,1,
7205,7208,1,
7205,7209,1,
7205,7210,1,
7205,7211,1,
7205,7335,0,
7205,7692,0,
7205,7830,0,
7206,7081,0,
7206,7201,1,
7206,7202,1,
7206,7203,1,
7206,7204,1,
7206,7205,1,
7206,7207,1,
7206,7208,1,
7206,7209,1,
7206,7210,1,
7206,7211,1,
7206,7335,0,
7206,7692,0,
7206,7830,0,
7207,7081,0,
7207,7201,1,
7207,7202,1,
7207,7203,1,
7207,7204,1,
7207,7205,1,
7207,7206,1,
7207,7208,1,
7207,7209,1,
7207,7210,1,
7207,7211,1,
7207,7335,0,
7207,7692,0,
7207,7830,0,
7208,7081,0,
7208,7201,1,
7208,7202,1,
7208,7203,1,
7208,7204,1,
7208,7205,1,
7208,7206,1,
7208,7207,1,
7208,7209,1,
7208,7210,1,
7208,7211,1,
7208,7335,0,
7208,7692,0,
7208,7830,0,
7209,7081,0,
7209,7201,1,
7209,7202,1,
7209,7203,1,
7209,7204,1,
7209,7205,1,
7209,7206,1,
7209,7207,1,
7209,7208,1,
7209,7210,1,
7209,7211,1,
7209,7335,0,
7209,7692,0,
7209,7830,0,
7210,7081,0,
7210,7201,1,
7210,7202,1,
7210,7203,1,
7210,7204,1,
7210,7205,1,
7210,7206,1,
7210,7207,1,
7210,7208,1,
7210,7209,1,
7210,7211,1,
7210,7335,0,
7210,7692,0,
7210,7830,0,
7211,7081,0,
7211,7201,1,
7211,7202,1,
7211,7203,1,
7211,7204,1,
7211,7205,1,
7211,7206,1,
7211,7207,1,
7211,7208,1,
7211,7209,1,
7211,7210,1,
7211,7335,0,
7211,7692,0,
7211,7830,0,
7335,7081,0,
7335,7201,0,
7335,7202,0,
7335,7203,0,
7335,7204,0,
7335,7205,0,
7335,7206,0,
7335,7207,0,
7335,7208,0,
7335,7209,0,
7335,7210,0,
7335,7211,0,
7335,7692,0,
7335,7830,0,
7692,7081,0,
7692,7201,0,
7692,7202,0,
7692,7203,0,
7692,7204,0,
7692,7205,0,
7692,7206,0,
7692,7207,0,
7692,7208,0,
7692,7209,0,
7692,7210,0,
7692,7211,0,
7692,7335,0,
7692,7830,0,
7830,7201,0,
7830,7202,0,
7830,7203,0,
7830,7204,0,
7830,7205,0,
7830,7206,0,
7830,7207,0,
7830,7208,0,
7830,7209,0,
7830,7210,0,
7830,7211,0,
7830,7335,0,
7830,7692,0,
7901,7101,0,
7901,7102,0,
7901,7103,0,
7901,7104,0,
7901,7105,0,
7901,7106,0,
7901,7902,1,
7901,7903,1,
7901,7904,1,
7901,7905,1,
7901,7906,1,
7901,7907,1,
7901,7908,1,
7901,7909,1,
7901,7910,1,
7901,7977,0,
7902,7101,0,
7902,7102,0,
7902,7103,0,
7902,7104,0,
7902,7105,0,
7902,7106,0,
7902,7901,1,
7902,7903,1,
7902,7904,1,
7902,7905,1,
7902,7906,1,
7902,7907,1,
7902,7908,1,
7902,7909,1,
7902,7910,1,
7902,7977,0,
7903,7101,0,
7903,7102,0,
7903,7103,0,
7903,7104,0,
7903,7105,0,
7903,7106,0,
7903,7901,1,
7903,7902,1,
7903,7904,1,
7903,7905,1,
7903,7906,1,
7903,7907,1,
7903,7908,1,
7903,7909,1,
7903,7910,1,
7903,7977,0,
7904,7101,0,
7904,7102,0,
7904,7103,0,
7904,7104,0,
7904,7105,0,
7904,7106,0,
7904,7901,1,
7904,7902,1,
7904,7903,1,
7904,7905,1,
7904,7906,1,
7904,7907,1,
7904,7908,1,
7904,7909,1,
7904,7910,1,
7904,7977,0,
7905,7101,0,
7905,7102,0,
7905,7103,0,
7905,7104,0,
7905,7105,0,
7905,7106,0,
7905,7901,1,
7905,7902,1,
7905,7903,1,
7905,7904,1,
7905,7906,1,
7905,7907,1,
7905,7908,1,
7905,7909,1,
7905,7910,1,
7905,7977,0,
7906,7101,0,
7906,7102,0,
7906,7103,0,
7906,7104,0,
7906,7105,0,
7906,7106,0,
7906,7901,1,
7906,7902,1,
7906,7903,1,
7906,7904,1,
7906,7905,1,
7906,7907,1,
7906,7908,1,
7906,7909,1,
7906,7910,1,
7906,7977,0,
7907,7101,0,
7907,7102,0,
7907,7103,0,
7907,7104,0,
7907,7105,0,
7907,7106,0,
7907,7901,1,
7907,7902,1,
7907,7903,1,
7907,7904,1,
7907,7905,1,
7907,7906,1,
7907,7908,1,
7907,7909,1,
7907,7910,1,
7907,7977,0,
7908,7101,0,
7908,7102,0,
7908,7103,0,
7908,7104,0,
7908,7105,0,
7908,7106,0,
7908,7901,1,
7908,7902,1,
7908,7903,1,
7908,7904,1,
7908,7905,1,
7908,7906,1,
7908,7907,1,
7908,7909,1,
7908,7910,1,
7908,7977,0,
7909,7101,0,
7909,7102,0,
7909,7103,0,
7909,7104,0,
7909,7105,0,
7909,7106,0,
7909,7901,1,
7909,7902,1,
7909,7903,1,
7909,7904,1,
7909,7905,1,
7909,7906,1,
7909,7907,1,
7909,7908,1,
7909,7910,1,
7909,7977,0,
7910,7101,0,
7910,7102,0,
7910,7103,0,
7910,7104,0,
7910,7105,0,
7910,7106,0,
7910,7901,1,
7910,7902,1,
7910,7903,1,
7910,7904,1,
7910,7905,1,
7910,7906,1,
7910,7907,1,
7910,7908,1,
7910,7909,1,
7910,7977,0,
7977,7101,0,
7977,7102,0,
7977,7103,0,
7977,7104,0,
7977,7105,0,
7977,7106,0,
7977,7901,0,
7977,7902,0,
7977,7903,0,
7977,7904,0,
7977,7905,0,
7977,7906,0,
7977,7907,0,
7977,7908,0,
7977,7909,0,
7977,7910,0,
8601,8602,1,
8601,8605,1,
8601,8606,1,
8601,8607,1,
8601,8608,1,
8601,8610,1,
8602,8601,1,
8602,8605,1,
8602,8606,1,
8602,8607,1,
8602,8608,1,
8602,8610,1,
8605,8601,1,
8605,8602,1,
8605,8606,1,
8605,8607,1,
8605,8608,1,
8605,8610,1,
8606,8601,1,
8606,8602,1,
8606,8605,1,
8606,8607,1,
8606,8608,1,
8606,8610,1,
8607,8601,1,
8607,8602,1,
8607,8605,1,
8607,8606,1,
8607,8608,1,
8607,8610,1,
8608,8601,1,
8608,8602,1,
8608,8605,1,
8608,8606,1,
8608,8607,1,
8608,8610,1,
8610,8601,1,
8610,8602,1,
8610,8605,1,
8610,8606,1,
8610,8607,1,
8610,8608,1,
